  0.167904E-07
  0.198847E-08
 -0.285036E-08
 -0.213818E-08
  0.117578E-07
  0.102001E-07
  0.183745E-07
  0.200015E-07
 -0.515189E-08
 -0.162168E-07
 -0.267818E-07
 -0.368346E-08
 -0.405322E-08
 -0.169186E-07
 -0.148644E-08
 -0.338784E-08
 -0.591021E-08
 -0.191766E-09
  0.198043E-07
  0.860934E-08
  0.794981E-08
  0.188072E-09
  0.223243E-07
  0.109458E-07
  0.217376E-07
  0.336085E-08
 -0.646925E-08
  0.173761E-07
  0.770867E-08
  0.126207E-07
  0.187743E-09
  0.451766E-09
 -0.262199E-08
  0.240301E-08
 -0.136067E-08
 -0.165842E-08
  0.159492E-08
 -0.169125E-07
 -0.536986E-09
  0.109677E-07
 -0.317845E-08
  0.770039E-08
 -0.292967E-08
  0.759990E-08
 -0.385754E-09
 -0.159495E-07
 -0.118428E-07
  0.137133E-07
  0.640357E-08
 -0.226339E-08
 -0.555341E-08
 -0.247220E-07
 -0.637406E-08
 -0.272795E-07
 -0.159964E-07
 -0.388628E-08
 -0.574170E-08
 -0.101639E-07
 -0.131270E-07
 -0.440990E-08
 -0.879719E-08
 -0.786744E-08
 -0.347009E-07
 -0.172184E-07
 -0.303522E-07
  0.365120E-09
  0.276041E-08
 -0.162343E-07
  0.167421E-07
  0.504687E-08
  0.154206E-07
  0.180870E-07
  0.185678E-07
  0.193388E-07
  0.148516E-07
  0.270006E-07
  0.182302E-07
  0.352330E-08
  0.898518E-08
  0.173909E-07
  0.934421E-08
  0.109445E-08
  0.122585E-07
 -0.223451E-08
  0.552706E-08
  0.257640E-08
  0.146566E-07
  0.100949E-07
  0.419688E-08
  0.167851E-07
  0.732101E-08
  0.306483E-08
  0.121534E-07
  0.188440E-07
  0.170362E-07
  0.102435E-07
  0.184756E-08
  0.756036E-08
 -0.114464E-08
  0.822257E-08
  0.112903E-07
 -0.206916E-08
 -0.121323E-08
 -0.173504E-07
 -0.977470E-08
  0.100502E-08
 -0.869299E-08
  0.423948E-08
  0.125389E-07
 -0.593864E-08
  0.578902E-08
 -0.104503E-08
 -0.431796E-08
  0.183490E-07
  0.103097E-07
 -0.138185E-07
  0.808570E-08
 -0.711550E-08
  0.695059E-08
  0.217133E-09
  0.807238E-08
  0.506336E-08
  0.250751E-07
  0.106621E-07
  0.550699E-08
 -0.419836E-08
  0.687032E-09
  0.139067E-08
 -0.207931E-07
 -0.162387E-07
 -0.291946E-07
 -0.314295E-07
 -0.171080E-07
 -0.208799E-07
 -0.569620E-08
  0.113253E-08
  0.756409E-08
 -0.135020E-07
 -0.275620E-08
 -0.288657E-07
  0.157769E-08
 -0.161400E-07
 -0.220327E-08
  0.473571E-08
 -0.549799E-08
 -0.215545E-08
 -0.153768E-08
  0.763337E-08
 -0.525780E-08
 -0.105388E-07
  0.179343E-07
  0.532470E-08
 -0.536198E-08
  0.355687E-08
 -0.849884E-08
 -0.150727E-08
 -0.124695E-08
 -0.178141E-07
 -0.138730E-07
 -0.414704E-08
 -0.128002E-07
 -0.122556E-07
 -0.143514E-07
 -0.234692E-07
 -0.752465E-08
 -0.122575E-07
 -0.259509E-07
 -0.263010E-07
 -0.949969E-08
 -0.204987E-07
 -0.909411E-08
 -0.736373E-08
 -0.202782E-07
 -0.570402E-08
 -0.167928E-07
 -0.506107E-08
 -0.595637E-08
 -0.180262E-07
 -0.153996E-07
 -0.662039E-09
 -0.155981E-07
 -0.141560E-07
  0.411224E-09
 -0.194358E-07
 -0.178946E-07
 -0.320305E-08
 -0.166249E-07
 -0.497151E-08
 -0.132642E-08
  0.849035E-09
 -0.426415E-08
 -0.100037E-07
 -0.294378E-07
 -0.143137E-07
 -0.311655E-08
 -0.157060E-07
 -0.603521E-08
  0.142695E-08
 -0.555280E-08
  0.302129E-08
  0.136725E-07
  0.104081E-07
  0.301959E-08
  0.101401E-07
 -0.185052E-08
  0.204761E-08
  0.146375E-07
  0.853212E-08
  0.129160E-07
  0.115351E-07
  0.181493E-07
  0.104088E-07
  0.427916E-08
  0.728111E-08
  0.430733E-08
 -0.113589E-08
  0.137648E-07
  0.402152E-08
  0.195744E-07
 -0.660124E-08
 -0.355445E-08
  0.729710E-08
  0.926453E-08
  0.302669E-07
  0.994939E-08
  0.100982E-07
  0.746927E-08
  0.189881E-07
 -0.317082E-08
  0.953887E-08
  0.516581E-08
  0.725275E-08
 -0.499540E-08
 -0.864588E-08
 -0.107701E-07
  0.566146E-08
  0.128240E-07
  0.117527E-07
  0.119503E-07
  0.972970E-08
  0.402956E-07
  0.210393E-07
  0.672131E-08
  0.102608E-08
  0.294355E-08
  0.146618E-07
  0.105349E-07
  0.538056E-08
  0.215897E-07
  0.160400E-07
 -0.142652E-07
 -0.194766E-08
 -0.584250E-08
  0.466209E-08
 -0.741269E-08
 -0.178815E-07
 -0.558200E-08
  0.931511E-08
 -0.426297E-08
 -0.760534E-08
 -0.107392E-08
 -0.169178E-07
 -0.302433E-08
 -0.114000E-07
 -0.691034E-08
 -0.357359E-08
  0.490355E-08
  0.178689E-07
 -0.376305E-10
  0.430764E-08
  0.377340E-08
 -0.137714E-07
 -0.870505E-08
 -0.755627E-08
 -0.112945E-07
 -0.129097E-07
 -0.209810E-08
 -0.665916E-08
 -0.123060E-07
 -0.142787E-07
  0.537743E-08
  0.782045E-09
 -0.260942E-07
 -0.762258E-10
 -0.106183E-07
 -0.159390E-09
 -0.118632E-07
 -0.148498E-07
 -0.220843E-07
  0.753829E-08
  0.889195E-08
 -0.965594E-09
 -0.741840E-08
 -0.352164E-08
 -0.100720E-07
  0.847549E-08
  0.827676E-08
  0.326235E-08
  0.410444E-08
  0.313255E-08
  0.199353E-09
 -0.319682E-08
 -0.577329E-08
  0.571032E-08
  0.332253E-08
  0.207374E-08
 -0.125730E-07
 -0.545245E-08
  0.210409E-08
 -0.311977E-08
 -0.713489E-08
  0.256983E-08
  0.465263E-08
  0.201631E-07
  0.440704E-09
  0.283323E-08
 -0.603835E-08
  0.686169E-08
  0.494661E-08
  0.906502E-08
  0.165200E-08
 -0.888236E-08
 -0.387833E-08
  0.110539E-07
  0.107251E-07
  0.488075E-08
 -0.225419E-08
  0.880097E-08
  0.256218E-07
  0.741874E-08
  0.885543E-08
  0.149727E-07
 -0.980223E-09
  0.131005E-07
  0.158602E-07
  0.625671E-08
  0.377685E-08
  0.719266E-08
 -0.218395E-07
 -0.962711E-08
  0.927302E-08
 -0.612201E-08
  0.146772E-07
  0.731487E-08
  0.128552E-07
  0.380663E-08
  0.260161E-07
  0.543529E-08
 -0.105531E-07
 -0.538610E-08
  0.130182E-07
  0.658463E-08
  0.172368E-07
  0.221408E-07
  0.210222E-08
 -0.118389E-07
  0.805195E-09
 -0.406190E-08
 -0.276656E-07
 -0.207581E-07
 -0.636523E-08
  0.151978E-07
 -0.768403E-08
 -0.197852E-07
  0.101974E-08
  0.181142E-07
  0.124362E-07
 -0.310051E-08
  0.587104E-08
  0.402185E-08
  0.101466E-07
 -0.902106E-08
 -0.341682E-08
 -0.916790E-08
  0.851915E-08
 -0.301040E-08
  0.140998E-07
 -0.101607E-08
 -0.712873E-09
  0.393307E-08
 -0.287626E-08
  0.124938E-07
  0.215073E-07
  0.123489E-07
  0.791250E-08
  0.175871E-08
  0.139723E-07
  0.618707E-08
 -0.295578E-08
 -0.665185E-08
  0.167878E-07
 -0.276674E-08
 -0.705902E-09
 -0.797619E-08
  0.181346E-08
  0.286436E-07
  0.123561E-07
  0.207995E-07
  0.501775E-08
 -0.476022E-09
  0.147109E-07
  0.453885E-08
  0.287507E-08
  0.133155E-08
 -0.158877E-07
  0.206051E-08
 -0.485202E-08
 -0.175628E-07
 -0.333879E-08
  0.457121E-08
 -0.266327E-07
 -0.107173E-08
  0.112857E-07
  0.616465E-08
  0.109183E-07
  0.509318E-08
 -0.101127E-07
  0.195901E-08
  0.183976E-07
  0.337833E-08
  0.556600E-08
 -0.189321E-08
  0.520170E-08
 -0.321930E-08
 -0.111896E-08
  0.131840E-07
  0.899850E-09
  0.643968E-08
  0.545033E-08
  0.129017E-07
  0.214621E-09
 -0.136313E-08
  0.127550E-07
  0.477578E-10
  0.122094E-08
  0.128133E-07
  0.424621E-08
  0.148485E-07
  0.175464E-07
  0.964904E-08
  0.534875E-08
 -0.179717E-08
  0.515229E-09
  0.525345E-08
 -0.188113E-08
 -0.104417E-07
 -0.129610E-07
  0.126547E-07
 -0.167735E-08
 -0.280586E-07
 -0.113428E-07
  0.718433E-09
 -0.458004E-08
 -0.779103E-08
 -0.425935E-08
  0.558539E-08
 -0.202325E-07
 -0.416195E-08
 -0.141494E-07
 -0.116553E-07
 -0.159443E-07
 -0.113171E-07
 -0.860553E-08
 -0.191998E-07
  0.106284E-08
 -0.862465E-08
 -0.158652E-07
 -0.216335E-07
 -0.144906E-07
 -0.948464E-08
  0.114410E-07
 -0.595643E-09
  0.616934E-08
 -0.729762E-08
 -0.513686E-08
 -0.111040E-07
 -0.184609E-07
 -0.832629E-08
 -0.119479E-07
 -0.297185E-07
 -0.839743E-08
 -0.258095E-07
 -0.163047E-07
 -0.127973E-07
 -0.566552E-08
  0.913359E-09
 -0.518760E-08
 -0.648364E-08
  0.313761E-10
 -0.120477E-07
 -0.119475E-07
 -0.124003E-07
 -0.230349E-07
 -0.496550E-08
 -0.294514E-07
 -0.108558E-07
 -0.920056E-08
  0.158462E-08
 -0.107753E-07
 -0.213436E-07
 -0.152942E-07
 -0.771481E-09
  0.141624E-08
 -0.392828E-08
  0.893281E-08
 -0.182693E-07
 -0.178996E-07
 -0.949211E-08
 -0.861780E-08
 -0.354047E-08
 -0.764548E-08
 -0.132102E-07
 -0.370614E-08
  0.894474E-08
  0.168639E-08
 -0.599314E-08
  0.773859E-09
  0.225485E-07
  0.177172E-07
  0.183794E-07
  0.137959E-08
 -0.123921E-07
  0.123118E-07
 -0.150806E-08
 -0.122977E-07
 -0.216819E-07
  0.457111E-10
 -0.851827E-08
 -0.104093E-07
 -0.174983E-07
 -0.145811E-07
 -0.180237E-07
 -0.504596E-08
 -0.215913E-07
 -0.287309E-07
 -0.263015E-07
 -0.165603E-07
 -0.151487E-07
 -0.960561E-08
 -0.303993E-08
 -0.148516E-07
 -0.337521E-08
 -0.265443E-07
  0.414777E-08
 -0.283893E-07
 -0.453565E-08
 -0.154821E-07
 -0.278210E-07
 -0.281469E-07
 -0.277402E-07
 -0.366715E-07
 -0.226841E-07
 -0.910739E-08
 -0.526257E-08
 -0.359844E-08
 -0.194728E-07
 -0.145320E-07
 -0.659587E-08
 -0.279735E-08
  0.265792E-08
 -0.185610E-07
 -0.119980E-07
 -0.119240E-07
  0.262999E-08
 -0.282855E-08
  0.954903E-08
 -0.583766E-08
 -0.224337E-07
 -0.104235E-07
 -0.776907E-08
 -0.280099E-08
 -0.190935E-07
 -0.242453E-07
 -0.196416E-07
 -0.121806E-07
  0.328176E-08
 -0.121902E-07
 -0.115337E-07
 -0.629828E-09
 -0.111688E-07
 -0.518097E-08
 -0.137678E-07
 -0.728897E-08
 -0.759864E-08
  0.115063E-07
  0.536562E-08
 -0.153280E-07
  0.115302E-07
 -0.226918E-08
  0.922966E-08
 -0.102869E-07
 -0.995030E-08
 -0.151472E-07
  0.152562E-07
  0.586166E-08
 -0.794247E-08
 -0.164463E-07
 -0.231242E-08
  0.677495E-08
  0.226225E-07
 -0.397045E-08
  0.113628E-07
  0.162572E-07
 -0.353441E-08
 -0.243650E-08
 -0.171596E-08
 -0.878353E-08
 -0.121000E-07
 -0.228219E-07
 -0.611442E-08
 -0.118821E-07
 -0.604814E-08
 -0.169483E-07
 -0.283589E-08
 -0.194261E-07
 -0.146713E-07
 -0.231438E-07
 -0.223105E-07
 -0.282703E-07
 -0.183675E-07
 -0.227904E-07
 -0.241481E-07
 -0.730934E-08
 -0.405335E-08
 -0.192208E-07
 -0.268838E-07
 -0.225726E-07
 -0.284375E-07
 -0.102373E-07
 -0.773770E-08
 -0.164098E-07
  0.120781E-08
 -0.297466E-08
 -0.467779E-08
  0.128384E-07
 -0.453733E-08
 -0.926616E-09
 -0.996052E-08
 -0.969210E-08
 -0.453545E-08
 -0.305707E-09
 -0.787553E-08
 -0.155047E-07
 -0.936296E-08
 -0.424043E-08
  0.538393E-08
  0.722779E-08
 -0.379082E-08
 -0.171464E-07
 -0.648032E-08
 -0.147502E-07
 -0.118759E-07
 -0.566376E-08
 -0.336392E-08
 -0.127510E-07
  0.281884E-08
  0.459336E-08
  0.654630E-08
  0.210003E-07
  0.133821E-07
  0.158889E-08
  0.724853E-09
  0.668601E-08
 -0.814632E-08
  0.221579E-08
  0.276719E-08
  0.128766E-07
  0.142437E-07
  0.393259E-08
  0.606586E-09
  0.145384E-08
 -0.855109E-08
 -0.109464E-08
  0.105866E-07
  0.410361E-08
  0.784834E-08
 -0.483463E-08
  0.235612E-07
  0.295372E-07
  0.129144E-07
  0.756989E-08
  0.153973E-07
  0.382150E-08
  0.135770E-07
  0.194582E-07
  0.101431E-07
  0.707481E-08
  0.976121E-08
  0.464861E-08
  0.120834E-07
  0.534118E-08
 -0.509332E-08
  0.702013E-08
  0.776092E-08
 -0.164544E-08
  0.138755E-08
 -0.479784E-08
 -0.338694E-08
 -0.204867E-08
 -0.724765E-08
  0.185394E-08
  0.157523E-07
 -0.210885E-08
  0.731632E-08
 -0.444100E-08
 -0.344814E-08
  0.198241E-08
  0.836862E-08
  0.142044E-07
 -0.383854E-08
  0.133109E-07
  0.141391E-08
  0.636934E-08
  0.213661E-07
 -0.303407E-08
 -0.910751E-08
  0.172649E-07
  0.136184E-07
  0.202210E-07
  0.920878E-08
  0.166158E-07
  0.157223E-07
  0.882811E-08
  0.117195E-07
  0.168678E-07
  0.112494E-07
  0.744967E-08
 -0.110456E-07
 -0.758885E-08
  0.113171E-08
  0.118840E-07
  0.359903E-08
  0.121664E-07
  0.383743E-08
  0.328315E-08
  0.980438E-08
  0.943930E-08
 -0.102684E-07
  0.755922E-08
 -0.267005E-08
  0.215899E-07
  0.951717E-08
  0.211735E-08
  0.200867E-08
  0.164240E-07
  0.335318E-09
  0.556252E-08
 -0.797305E-10
 -0.624920E-08
 -0.160919E-07
  0.367308E-08
 -0.383155E-08
  0.923815E-09
 -0.612377E-08
 -0.892434E-08
 -0.183843E-07
 -0.930853E-08
 -0.663208E-08
  0.341202E-08
 -0.114452E-08
 -0.316946E-07
 -0.130385E-07
 -0.860986E-08
  0.199412E-08
  0.120725E-07
  0.243038E-08
 -0.275637E-08
  0.116542E-07
  0.135845E-07
  0.359243E-08
 -0.115587E-07
  0.237884E-08
  0.117612E-07
 -0.571699E-08
  0.658872E-08
  0.767436E-08
  0.169157E-07
  0.106888E-07
 -0.952839E-08
 -0.199313E-07
 -0.257064E-09
 -0.878615E-08
 -0.764322E-08
  0.969313E-08
 -0.512727E-08
 -0.994980E-08
  0.484307E-09
 -0.218546E-07
  0.566880E-08
 -0.119040E-07
 -0.217781E-07
 -0.376337E-07
 -0.223507E-07
 -0.686410E-08
 -0.224708E-08
 -0.567938E-08
 -0.902644E-08
 -0.102482E-07
 -0.136236E-07
 -0.399382E-08
  0.103044E-08
 -0.125859E-07
 -0.338590E-08
 -0.840501E-08
 -0.110703E-07
 -0.269998E-07
 -0.141143E-07
 -0.238324E-07
 -0.165106E-07
 -0.135771E-07
 -0.276385E-08
 -0.434073E-09
 -0.652490E-08
 -0.117583E-07
  0.243912E-08
  0.346397E-08
 -0.108855E-07
 -0.127116E-07
 -0.695003E-09
 -0.135347E-07
  0.640498E-08
 -0.628289E-08
  0.196288E-08
 -0.950056E-10
 -0.417659E-08
  0.172591E-08
  0.928529E-08
 -0.969329E-09
  0.260668E-08
 -0.658113E-08
 -0.220516E-07
 -0.184546E-07
  0.222057E-08
 -0.727176E-08
 -0.116638E-07
 -0.204236E-07
 -0.375708E-08
 -0.139877E-07
 -0.129730E-07
 -0.104241E-07
 -0.142840E-07
 -0.218899E-07
 -0.348500E-08
 -0.866658E-08
 -0.212710E-08
 -0.144301E-07
 -0.707572E-08
 -0.559267E-09
  0.509188E-08
 -0.912523E-08
 -0.130791E-08
 -0.187029E-08
 -0.145136E-07
 -0.209614E-07
 -0.297612E-07
 -0.208330E-07
 -0.328357E-07
 -0.170892E-07
 -0.256144E-07
 -0.340922E-07
 -0.154831E-07
 -0.235760E-07
 -0.374437E-07
 -0.269181E-07
 -0.190292E-07
 -0.340940E-07
 -0.409220E-07
 -0.110691E-07
 -0.330582E-07
 -0.264081E-07
 -0.192910E-07
 -0.232374E-07
 -0.103701E-07
 -0.137460E-07
 -0.813972E-08
  0.309896E-08
 -0.110003E-07
 -0.133113E-07
 -0.215371E-07
 -0.288921E-07
 -0.146802E-07
 -0.107027E-07
 -0.164755E-07
 -0.702519E-08
 -0.680085E-08
 -0.886822E-09
 -0.581343E-08
 -0.779062E-09
 -0.122102E-07
 -0.174602E-07
 -0.651431E-08
 -0.352074E-07
 -0.311734E-07
  0.172422E-08
  0.165187E-07
  0.347677E-08
  0.124136E-07
 -0.962768E-08
 -0.915786E-08
 -0.177755E-07
 -0.815501E-08
  0.169150E-09
 -0.713921E-08
 -0.692459E-08
 -0.124013E-07
 -0.611884E-08
 -0.108274E-07
 -0.242121E-07
 -0.225215E-07
 -0.171823E-07
 -0.162645E-07
 -0.904616E-08
  0.328754E-08
 -0.575535E-08
 -0.797272E-08
 -0.657068E-08
 -0.754040E-08
 -0.545378E-08
 -0.186906E-07
 -0.210748E-07
 -0.197083E-07
 -0.124243E-07
  0.400342E-08
 -0.150046E-07
 -0.131667E-07
 -0.113148E-07
 -0.212757E-08
  0.200368E-08
  0.821864E-08
  0.137276E-07
  0.160959E-07
  0.123924E-07
  0.670477E-08
  0.595405E-08
  0.209330E-08
  0.115293E-07
 -0.967355E-08
  0.309817E-08
 -0.789211E-09
  0.102809E-07
  0.163479E-07
  0.166901E-08
 -0.120078E-07
 -0.324952E-08
  0.774807E-08
 -0.885658E-08
 -0.144234E-07
 -0.622199E-08
 -0.136927E-08
 -0.119065E-07
  0.808237E-09
  0.500536E-08
  0.425403E-08
 -0.147339E-07
 -0.127624E-07
 -0.151384E-07
 -0.286599E-07
 -0.241383E-07
  0.821803E-08
  0.158878E-07
  0.172189E-07
  0.715956E-08
 -0.192553E-08
 -0.555145E-08
 -0.870678E-08
 -0.184045E-07
 -0.208747E-07
 -0.148830E-07
 -0.727323E-08
 -0.135092E-07
  0.330280E-08
 -0.529010E-09
 -0.556805E-08
  0.998130E-08
 -0.102281E-07
 -0.151108E-07
  0.585501E-08
 -0.855516E-08
  0.109526E-07
  0.389734E-08
  0.169783E-07
  0.166028E-07
  0.231502E-07
  0.120667E-07
  0.832229E-08
  0.851508E-08
  0.210791E-07
  0.232735E-07
  0.787767E-08
  0.594534E-08
  0.122643E-07
  0.824438E-08
 -0.186450E-08
 -0.144372E-07
  0.215213E-07
  0.170347E-07
  0.935440E-08
  0.537699E-08
  0.106164E-07
 -0.411930E-08
